{
 "cells": [
  {
   "cell_type": "code",
   "execution_count": 225,
   "metadata": {},
   "outputs": [],
   "source": [
    "import pandas as pd \n",
    "import numpy as np\n",
    "import chart_studio.plotly as py\n",
    "import plotly.graph_objs as go\n",
    "# plotly standard imports\n",
    "import plotly.graph_objs as go\n",
    "import chart_studio.plotly as py\n",
    "from datetime import datetime\n",
    "from datetime import timedelta"
   ]
  },
  {
   "cell_type": "code",
   "execution_count": 226,
   "metadata": {},
   "outputs": [
    {
     "data": {
      "text/html": [
       "        <script type=\"text/javascript\">\n",
       "        window.PlotlyConfig = {MathJaxConfig: 'local'};\n",
       "        if (window.MathJax) {MathJax.Hub.Config({SVG: {font: \"STIX-Web\"}});}\n",
       "        if (typeof require !== 'undefined') {\n",
       "        require.undef(\"plotly\");\n",
       "        requirejs.config({\n",
       "            paths: {\n",
       "                'plotly': ['https://cdn.plot.ly/plotly-latest.min']\n",
       "            }\n",
       "        });\n",
       "        require(['plotly'], function(Plotly) {\n",
       "            window._Plotly = Plotly;\n",
       "        });\n",
       "        }\n",
       "        </script>\n",
       "        "
      ]
     },
     "metadata": {},
     "output_type": "display_data"
    }
   ],
   "source": [
    "\n",
    "# Cufflinks wrapper on plotly\n",
    "import cufflinks\n",
    "from IPython.core.interactiveshell import InteractiveShell\n",
    "InteractiveShell.ast_node_interactivity = 'all'\n",
    "\n",
    "from plotly.offline import iplot\n",
    "cufflinks.go_offline()\n",
    "\n",
    "# Set global theme\n",
    "cufflinks.set_config_file(world_readable=True, theme='pearl')\n",
    "import plotly.figure_factory as ff"
   ]
  },
  {
   "cell_type": "markdown",
   "metadata": {},
   "source": [
    "# Data Preparation"
   ]
  },
  {
   "cell_type": "code",
   "execution_count": 227,
   "metadata": {},
   "outputs": [],
   "source": [
    "df=pd.read_csv(\"creditcard.csv\")"
   ]
  },
  {
   "cell_type": "code",
   "execution_count": 228,
   "metadata": {},
   "outputs": [
    {
     "data": {
      "text/html": [
       "<div>\n",
       "<style scoped>\n",
       "    .dataframe tbody tr th:only-of-type {\n",
       "        vertical-align: middle;\n",
       "    }\n",
       "\n",
       "    .dataframe tbody tr th {\n",
       "        vertical-align: top;\n",
       "    }\n",
       "\n",
       "    .dataframe thead th {\n",
       "        text-align: right;\n",
       "    }\n",
       "</style>\n",
       "<table border=\"1\" class=\"dataframe\">\n",
       "  <thead>\n",
       "    <tr style=\"text-align: right;\">\n",
       "      <th></th>\n",
       "      <th>Time</th>\n",
       "      <th>V1</th>\n",
       "      <th>V2</th>\n",
       "      <th>V3</th>\n",
       "      <th>V4</th>\n",
       "      <th>V5</th>\n",
       "      <th>V6</th>\n",
       "      <th>V7</th>\n",
       "      <th>V8</th>\n",
       "      <th>V9</th>\n",
       "      <th>...</th>\n",
       "      <th>V21</th>\n",
       "      <th>V22</th>\n",
       "      <th>V23</th>\n",
       "      <th>V24</th>\n",
       "      <th>V25</th>\n",
       "      <th>V26</th>\n",
       "      <th>V27</th>\n",
       "      <th>V28</th>\n",
       "      <th>Amount</th>\n",
       "      <th>Class</th>\n",
       "    </tr>\n",
       "  </thead>\n",
       "  <tbody>\n",
       "    <tr>\n",
       "      <th>0</th>\n",
       "      <td>0.0</td>\n",
       "      <td>-1.359807</td>\n",
       "      <td>-0.072781</td>\n",
       "      <td>2.536347</td>\n",
       "      <td>1.378155</td>\n",
       "      <td>-0.338321</td>\n",
       "      <td>0.462388</td>\n",
       "      <td>0.239599</td>\n",
       "      <td>0.098698</td>\n",
       "      <td>0.363787</td>\n",
       "      <td>...</td>\n",
       "      <td>-0.018307</td>\n",
       "      <td>0.277838</td>\n",
       "      <td>-0.110474</td>\n",
       "      <td>0.066928</td>\n",
       "      <td>0.128539</td>\n",
       "      <td>-0.189115</td>\n",
       "      <td>0.133558</td>\n",
       "      <td>-0.021053</td>\n",
       "      <td>149.62</td>\n",
       "      <td>0</td>\n",
       "    </tr>\n",
       "    <tr>\n",
       "      <th>1</th>\n",
       "      <td>0.0</td>\n",
       "      <td>1.191857</td>\n",
       "      <td>0.266151</td>\n",
       "      <td>0.166480</td>\n",
       "      <td>0.448154</td>\n",
       "      <td>0.060018</td>\n",
       "      <td>-0.082361</td>\n",
       "      <td>-0.078803</td>\n",
       "      <td>0.085102</td>\n",
       "      <td>-0.255425</td>\n",
       "      <td>...</td>\n",
       "      <td>-0.225775</td>\n",
       "      <td>-0.638672</td>\n",
       "      <td>0.101288</td>\n",
       "      <td>-0.339846</td>\n",
       "      <td>0.167170</td>\n",
       "      <td>0.125895</td>\n",
       "      <td>-0.008983</td>\n",
       "      <td>0.014724</td>\n",
       "      <td>2.69</td>\n",
       "      <td>0</td>\n",
       "    </tr>\n",
       "    <tr>\n",
       "      <th>2</th>\n",
       "      <td>1.0</td>\n",
       "      <td>-1.358354</td>\n",
       "      <td>-1.340163</td>\n",
       "      <td>1.773209</td>\n",
       "      <td>0.379780</td>\n",
       "      <td>-0.503198</td>\n",
       "      <td>1.800499</td>\n",
       "      <td>0.791461</td>\n",
       "      <td>0.247676</td>\n",
       "      <td>-1.514654</td>\n",
       "      <td>...</td>\n",
       "      <td>0.247998</td>\n",
       "      <td>0.771679</td>\n",
       "      <td>0.909412</td>\n",
       "      <td>-0.689281</td>\n",
       "      <td>-0.327642</td>\n",
       "      <td>-0.139097</td>\n",
       "      <td>-0.055353</td>\n",
       "      <td>-0.059752</td>\n",
       "      <td>378.66</td>\n",
       "      <td>0</td>\n",
       "    </tr>\n",
       "    <tr>\n",
       "      <th>3</th>\n",
       "      <td>1.0</td>\n",
       "      <td>-0.966272</td>\n",
       "      <td>-0.185226</td>\n",
       "      <td>1.792993</td>\n",
       "      <td>-0.863291</td>\n",
       "      <td>-0.010309</td>\n",
       "      <td>1.247203</td>\n",
       "      <td>0.237609</td>\n",
       "      <td>0.377436</td>\n",
       "      <td>-1.387024</td>\n",
       "      <td>...</td>\n",
       "      <td>-0.108300</td>\n",
       "      <td>0.005274</td>\n",
       "      <td>-0.190321</td>\n",
       "      <td>-1.175575</td>\n",
       "      <td>0.647376</td>\n",
       "      <td>-0.221929</td>\n",
       "      <td>0.062723</td>\n",
       "      <td>0.061458</td>\n",
       "      <td>123.50</td>\n",
       "      <td>0</td>\n",
       "    </tr>\n",
       "    <tr>\n",
       "      <th>4</th>\n",
       "      <td>2.0</td>\n",
       "      <td>-1.158233</td>\n",
       "      <td>0.877737</td>\n",
       "      <td>1.548718</td>\n",
       "      <td>0.403034</td>\n",
       "      <td>-0.407193</td>\n",
       "      <td>0.095921</td>\n",
       "      <td>0.592941</td>\n",
       "      <td>-0.270533</td>\n",
       "      <td>0.817739</td>\n",
       "      <td>...</td>\n",
       "      <td>-0.009431</td>\n",
       "      <td>0.798278</td>\n",
       "      <td>-0.137458</td>\n",
       "      <td>0.141267</td>\n",
       "      <td>-0.206010</td>\n",
       "      <td>0.502292</td>\n",
       "      <td>0.219422</td>\n",
       "      <td>0.215153</td>\n",
       "      <td>69.99</td>\n",
       "      <td>0</td>\n",
       "    </tr>\n",
       "  </tbody>\n",
       "</table>\n",
       "<p>5 rows × 31 columns</p>\n",
       "</div>"
      ],
      "text/plain": [
       "   Time        V1        V2        V3        V4        V5        V6        V7  \\\n",
       "0   0.0 -1.359807 -0.072781  2.536347  1.378155 -0.338321  0.462388  0.239599   \n",
       "1   0.0  1.191857  0.266151  0.166480  0.448154  0.060018 -0.082361 -0.078803   \n",
       "2   1.0 -1.358354 -1.340163  1.773209  0.379780 -0.503198  1.800499  0.791461   \n",
       "3   1.0 -0.966272 -0.185226  1.792993 -0.863291 -0.010309  1.247203  0.237609   \n",
       "4   2.0 -1.158233  0.877737  1.548718  0.403034 -0.407193  0.095921  0.592941   \n",
       "\n",
       "         V8        V9  ...       V21       V22       V23       V24       V25  \\\n",
       "0  0.098698  0.363787  ... -0.018307  0.277838 -0.110474  0.066928  0.128539   \n",
       "1  0.085102 -0.255425  ... -0.225775 -0.638672  0.101288 -0.339846  0.167170   \n",
       "2  0.247676 -1.514654  ...  0.247998  0.771679  0.909412 -0.689281 -0.327642   \n",
       "3  0.377436 -1.387024  ... -0.108300  0.005274 -0.190321 -1.175575  0.647376   \n",
       "4 -0.270533  0.817739  ... -0.009431  0.798278 -0.137458  0.141267 -0.206010   \n",
       "\n",
       "        V26       V27       V28  Amount  Class  \n",
       "0 -0.189115  0.133558 -0.021053  149.62      0  \n",
       "1  0.125895 -0.008983  0.014724    2.69      0  \n",
       "2 -0.139097 -0.055353 -0.059752  378.66      0  \n",
       "3 -0.221929  0.062723  0.061458  123.50      0  \n",
       "4  0.502292  0.219422  0.215153   69.99      0  \n",
       "\n",
       "[5 rows x 31 columns]"
      ]
     },
     "execution_count": 228,
     "metadata": {},
     "output_type": "execute_result"
    }
   ],
   "source": [
    "df.head()"
   ]
  },
  {
   "cell_type": "code",
   "execution_count": 229,
   "metadata": {},
   "outputs": [
    {
     "data": {
      "text/plain": [
       "Time      0\n",
       "V1        0\n",
       "V2        0\n",
       "V3        0\n",
       "V4        0\n",
       "V5        0\n",
       "V6        0\n",
       "V7        0\n",
       "V8        0\n",
       "V9        0\n",
       "V10       0\n",
       "V11       0\n",
       "V12       0\n",
       "V13       0\n",
       "V14       0\n",
       "V15       0\n",
       "V16       0\n",
       "V17       0\n",
       "V18       0\n",
       "V19       0\n",
       "V20       0\n",
       "V21       0\n",
       "V22       0\n",
       "V23       0\n",
       "V24       0\n",
       "V25       0\n",
       "V26       0\n",
       "V27       0\n",
       "V28       0\n",
       "Amount    0\n",
       "Class     0\n",
       "dtype: int64"
      ]
     },
     "execution_count": 229,
     "metadata": {},
     "output_type": "execute_result"
    }
   ],
   "source": [
    "df.isnull().sum()"
   ]
  },
  {
   "cell_type": "markdown",
   "metadata": {},
   "source": [
    "There are no nulls"
   ]
  },
  {
   "cell_type": "code",
   "execution_count": 230,
   "metadata": {},
   "outputs": [
    {
     "data": {
      "text/plain": [
       "0    284315\n",
       "1       492\n",
       "Name: Class, dtype: int64"
      ]
     },
     "execution_count": 230,
     "metadata": {},
     "output_type": "execute_result"
    }
   ],
   "source": [
    "pd.value_counts(df['Class'], sort = True)"
   ]
  },
  {
   "cell_type": "code",
   "execution_count": 231,
   "metadata": {},
   "outputs": [
    {
     "data": {
      "text/plain": [
       "0.001727485630620034"
      ]
     },
     "execution_count": 231,
     "metadata": {},
     "output_type": "execute_result"
    }
   ],
   "source": [
    "df[df.Class==1].shape[0]/df.shape[0]"
   ]
  },
  {
   "cell_type": "markdown",
   "metadata": {},
   "source": [
    "The dataset is highly skewed with only 0,17% of all transactions being Frauds"
   ]
  },
  {
   "cell_type": "code",
   "execution_count": 232,
   "metadata": {},
   "outputs": [],
   "source": [
    "df_fraud=df[df.Class==1]\n",
    "df_normal=df[df.Class==0]"
   ]
  },
  {
   "cell_type": "code",
   "execution_count": 233,
   "metadata": {},
   "outputs": [
    {
     "data": {
      "text/plain": [
       "count     492.000000\n",
       "mean      122.211321\n",
       "std       256.683288\n",
       "min         0.000000\n",
       "25%         1.000000\n",
       "50%         9.250000\n",
       "75%       105.890000\n",
       "max      2125.870000\n",
       "Name: Amount, dtype: float64"
      ]
     },
     "execution_count": 233,
     "metadata": {},
     "output_type": "execute_result"
    }
   ],
   "source": [
    "df_fraud.Amount.describe()\n"
   ]
  },
  {
   "cell_type": "code",
   "execution_count": 234,
   "metadata": {},
   "outputs": [
    {
     "data": {
      "text/plain": [
       "count    284315.000000\n",
       "mean         88.291022\n",
       "std         250.105092\n",
       "min           0.000000\n",
       "25%           5.650000\n",
       "50%          22.000000\n",
       "75%          77.050000\n",
       "max       25691.160000\n",
       "Name: Amount, dtype: float64"
      ]
     },
     "execution_count": 234,
     "metadata": {},
     "output_type": "execute_result"
    }
   ],
   "source": [
    "df_normal.Amount.describe()\n"
   ]
  },
  {
   "cell_type": "markdown",
   "metadata": {},
   "source": [
    "Frauds tend to have higher mean ammounts with a lower maximum value"
   ]
  },
  {
   "cell_type": "markdown",
   "metadata": {},
   "source": [
    "# Feature correlation"
   ]
  },
  {
   "cell_type": "code",
   "execution_count": 235,
   "metadata": {},
   "outputs": [
    {
     "data": {
      "application/vnd.plotly.v1+json": {
       "config": {
        "plotlyServerURL": "https://plot.ly"
       },
       "data": [
        {
         "type": "heatmap",
         "x": [
          "Time",
          "V1",
          "V2",
          "V3",
          "V4",
          "V5",
          "V6",
          "V7",
          "V8",
          "V9",
          "V10",
          "V11",
          "V12",
          "V13",
          "V14",
          "V15",
          "V16",
          "V17",
          "V18",
          "V19",
          "V20",
          "V21",
          "V22",
          "V23",
          "V24",
          "V25",
          "V26",
          "V27",
          "V28",
          "Amount",
          "Class"
         ],
         "y": [
          "Time",
          "V1",
          "V2",
          "V3",
          "V4",
          "V5",
          "V6",
          "V7",
          "V8",
          "V9",
          "V10",
          "V11",
          "V12",
          "V13",
          "V14",
          "V15",
          "V16",
          "V17",
          "V18",
          "V19",
          "V20",
          "V21",
          "V22",
          "V23",
          "V24",
          "V25",
          "V26",
          "V27",
          "V28",
          "Amount",
          "Class"
         ],
         "z": [
          [
           0,
           0.11739630597839038,
           -0.010593327121342824,
           -0.4196181722115274,
           -0.10526020544572907,
           0.17307212331039132,
           -0.06301647037315185,
           0.08471437480499064,
           -0.036949434690009234,
           -0.008660433697683826,
           0.030616628592320998,
           -0.247689437486676,
           0.12434806837193435,
           -0.06590202369761745,
           -0.09875681920622573,
           -0.18345327348103926,
           0.011902867722434169,
           -0.0732972133177982,
           0.0904381325486108,
           0.028975302561135702,
           -0.050866018468354125,
           0.04473572628908131,
           0.14405905486146361,
           0.05114236494177459,
           -0.01618186845930756,
           -0.23308279059831727,
           -0.04140710060605869,
           -0.005134591123997185,
           -0.00941268817905229,
           -0.010596373389027794,
           -0.012322570929207388
          ],
          [
           0.11739630597839038,
           0,
           4.697350469303551e-17,
           -1.4243902059686005e-15,
           1.7553161779289217e-17,
           6.391161669471292e-17,
           2.3980709770418513e-16,
           1.9915501374737307e-15,
           -9.490675007800317e-17,
           2.169581213429927e-16,
           7.433820311961892e-17,
           2.438579939865168e-16,
           2.422085686197315e-16,
           -2.1154575974358543e-16,
           9.352582101868325e-16,
           -3.252450522649766e-16,
           6.308789420709271e-16,
           -5.011523652693261e-16,
           2.870125410612712e-16,
           1.8181284220979656e-16,
           1.0369590992129756e-16,
           -1.7550716645972822e-16,
           7.477367318608595e-17,
           9.8087050691241e-16,
           7.354268947261299e-17,
           -9.80535825835762e-16,
           -8.621897115333697e-17,
           3.208232666296793e-17,
           9.820892381030474e-16,
           -0.2277086529223733,
           -0.10134729859476972
          ],
          [
           -0.010593327121342824,
           4.697350469303551e-17,
           0,
           2.5121750714409137e-16,
           -1.1263879227470274e-16,
           -2.0398681269046878e-16,
           5.024680187208391e-16,
           3.966485971893093e-16,
           -4.413983699818799e-17,
           -5.728717684247186e-17,
           -4.782388028758161e-16,
           9.468995338458089e-16,
           -6.588252269838018e-16,
           3.8545209124444075e-16,
           -2.5410356302730153e-16,
           2.831060398874419e-16,
           4.9340966407057414e-17,
           -9.88300831623274e-16,
           2.6366536758978006e-16,
           9.528279876906872e-17,
           -9.309954234873892e-16,
           8.444409270662718e-17,
           2.500829887528209e-16,
           1.0595623755274829e-16,
           -8.142353883260877e-18,
           -4.2618939369731003e-17,
           2.6016216813109624e-16,
           -4.478471686789538e-16,
           -3.6764149016336483e-16,
           -0.5314089393279761,
           0.09128865034433538
          ],
          [
           -0.4196181722115274,
           -1.4243902059686005e-15,
           2.5121750714409137e-16,
           0,
           -3.416909563582894e-16,
           -1.4365139542036057e-15,
           1.4315807755940398e-15,
           2.168574002566472e-15,
           3.43311332136107e-16,
           -4.2337696756874986e-16,
           6.289266548633001e-16,
           -5.5017576044096325e-17,
           2.2065217643485405e-16,
           -6.883374817728902e-16,
           4.2713356664797924e-16,
           1.1227556391297603e-16,
           1.1833638474388061e-15,
           4.5766190576473034e-17,
           5.427964933764996e-16,
           2.5767730840927773e-16,
           -9.429297063823965e-16,
           -2.9719688089311593e-17,
           4.64825857532626e-16,
           2.1152064352247126e-17,
           -9.35163727807543e-17,
           4.77116409549272e-16,
           6.52150102710198e-16,
           6.23983163821225e-16,
           7.726947968617977e-16,
           -0.2108804752898809,
           -0.19296082706681578
          ],
          [
           -0.10526020544572907,
           1.7553161779289217e-17,
           -1.1263879227470274e-16,
           -3.416909563582894e-16,
           0,
           -1.9409286439617865e-15,
           -2.7126586886236714e-16,
           1.556329701171321e-16,
           5.195643066686186e-16,
           3.859584685437448e-16,
           6.05549045249224e-16,
           -2.083600390696615e-16,
           -5.657963073632406e-16,
           -1.5061286509824824e-16,
           -8.522435353909579e-17,
           -1.5077183944666259e-16,
           -6.939204446250171e-16,
           -4.397925045613137e-16,
           1.4936674701942726e-16,
           -2.656938197861949e-16,
           -3.223122626397701e-16,
           -9.976949748132026e-17,
           2.0999222414130102e-16,
           6.002528368080155e-17,
           2.229738048262382e-16,
           5.394585327676311e-16,
           -6.179751205718167e-16,
           -6.403423118940277e-17,
           -5.863663716792992e-17,
           0.09873166631355308,
           0.1334474862385853
          ],
          [
           0.17307212331039132,
           6.391161669471292e-17,
           -2.0398681269046878e-16,
           -1.4365139542036057e-15,
           -1.9409286439617865e-15,
           0,
           7.92636400349042e-16,
           -4.209851031726028e-16,
           7.589187042426899e-16,
           4.205205598981968e-16,
           -6.601715637863726e-16,
           7.342758743248868e-16,
           3.761032796473548e-16,
           -9.578658627900394e-16,
           -3.6348033472491274e-16,
           -5.13261964319789e-16,
           -3.5170755100094507e-16,
           1.4257292172260904e-16,
           1.1095251803361662e-15,
           -3.1382336312527622e-16,
           2.0760476522387344e-16,
           -1.3687009808916957e-16,
           5.060028886806578e-16,
           1.6375955892256685e-16,
           -9.286095241008335e-16,
           5.62510173430715e-16,
           9.144690397102394e-16,
           4.465959872943668e-16,
           -3.299167045653117e-16,
           -0.3863562561629983,
           -0.09497429899115034
          ],
          [
           -0.06301647037315185,
           2.3980709770418513e-16,
           5.024680187208391e-16,
           1.4315807755940398e-15,
           -2.7126586886236714e-16,
           7.92636400349042e-16,
           0,
           1.4294258928140596e-16,
           -1.7074207710631247e-16,
           1.1144466036868126e-16,
           2.850776088868655e-16,
           4.865798820483105e-16,
           2.1405887949496597e-16,
           -2.268061188129328e-16,
           3.452800739121104e-16,
           -6.368110803667889e-18,
           -2.477917428814335e-16,
           3.56758194056749e-16,
           2.8114735521402637e-16,
           2.717166605431606e-16,
           1.89863788859714e-16,
           -1.5759029882239836e-16,
           -3.3629021985502797e-16,
           -7.232186079944992e-17,
           -1.2618666737393462e-15,
           1.0819325397375282e-15,
           -2.378414330737614e-16,
           -2.6238176403384213e-16,
           4.813154962515046e-16,
           0.21598118022524546,
           -0.04364316069982903
          ],
          [
           0.08471437480499064,
           1.9915501374737307e-15,
           3.966485971893093e-16,
           2.168574002566472e-15,
           1.556329701171321e-16,
           -4.209851031726028e-16,
           1.4294258928140596e-16,
           0,
           -8.691834007321221e-17,
           7.933251258248913e-16,
           3.0433325508713744e-17,
           -1.0841048725436476e-15,
           1.5100448298714108e-15,
           -9.892325329273464e-17,
           -1.7294619304292526e-16,
           1.9368323437101253e-17,
           2.8936720721427667e-16,
           1.1496920729508888e-15,
           -1.116788768994299e-16,
           -2.874017355022162e-16,
           1.7442418093476607e-16,
           1.9386040332758097e-16,
           -1.0581305571733644e-15,
           2.327910850139693e-16,
           -2.5897271089901555e-17,
           1.1741685219656185e-15,
           -7.334506706505357e-16,
           -5.886824870718553e-16,
           -6.836763971408741e-17,
           0.3973112781816456,
           -0.1872565915137108
          ],
          [
           -0.036949434690009234,
           -9.490675007800317e-17,
           -4.413983699818799e-17,
           3.43311332136107e-16,
           5.195643066686186e-16,
           7.589187042426899e-16,
           -1.7074207710631247e-16,
           -8.691834007321221e-17,
           0,
           2.900829164006858e-16,
           9.051847046162048e-17,
           1.9547468907111642e-16,
           -6.266057335149056e-17,
           -2.382948219078945e-16,
           -1.131098166453681e-16,
           2.0214910344084665e-16,
           5.027191539695068e-16,
           -3.508776882047421e-16,
           -4.0938516593066296e-16,
           -5.339821294317655e-16,
           -1.0955343839503754e-16,
           -2.412439149228703e-16,
           5.475558954149982e-16,
           3.8971042017378507e-16,
           -1.8029674162345125e-16,
           -1.3907907337517785e-16,
           -1.2099749799703609e-16,
           1.7336334457336845e-16,
           -4.484325128855218e-16,
           -0.10307909564496406,
           0.01987512391473314
          ],
          [
           -0.008660433697683826,
           2.169581213429927e-16,
           -5.728717684247186e-17,
           -4.2337696756874986e-16,
           3.859584685437448e-16,
           4.205205598981968e-16,
           1.1144466036868126e-16,
           7.933251258248913e-16,
           2.900829164006858e-16,
           0,
           -2.771760907024676e-16,
           4.682341453502196e-16,
           -2.445230126531115e-15,
           -2.650350817714165e-16,
           2.3433166957553687e-16,
           -1.58810520463812e-15,
           -3.251906339425996e-16,
           6.53599218181438e-16,
           1.20384303130105e-16,
           1.1207517610035042e-16,
           -4.340941046017256e-16,
           4.5783885586743406e-17,
           2.87185507390413e-17,
           5.929285593829755e-16,
           -2.3463847260570976e-16,
           1.0996453453566545e-15,
           -1.388725465004255e-15,
           -2.287413539277934e-16,
           9.146778793869368e-16,
           -0.044245601964438844,
           -0.09773268607377422
          ],
          [
           0.030616628592320998,
           7.433820311961892e-17,
           -4.782388028758161e-16,
           6.289266548633001e-16,
           6.05549045249224e-16,
           -6.601715637863726e-16,
           2.850776088868655e-16,
           3.0433325508713744e-17,
           9.051847046162048e-17,
           -2.771760907024676e-16,
           0,
           2.6244478203421265e-16,
           1.4399071956675003e-15,
           -8.853582292873185e-16,
           2.62251313455413e-16,
           7.615271975860196e-16,
           -1.7059225660821137e-15,
           3.674182481840675e-15,
           3.9867101885812585e-16,
           2.6630382605287952e-17,
           -1.1418883004372414e-15,
           8.089504044058091e-16,
           -6.707597511111739e-16,
           3.8097317653039156e-16,
           -4.032805822808412e-17,
           -2.863812839160603e-16,
           -2.554293125824367e-16,
           -3.1032391006030947e-16,
           -1.5159343333064705e-16,
           -0.10150214079141875,
           -0.21688294364035493
          ],
          [
           -0.247689437486676,
           2.438579939865168e-16,
           9.468995338458089e-16,
           -5.5017576044096325e-17,
           -2.083600390696615e-16,
           7.342758743248868e-16,
           4.865798820483105e-16,
           -1.0841048725436476e-15,
           1.9547468907111642e-16,
           4.682341453502196e-16,
           2.6244478203421265e-16,
           0,
           3.1760289930647844e-15,
           1.9458101918841887e-15,
           3.6371603937557764e-17,
           4.801345414477026e-16,
           -6.173867121161474e-16,
           8.719713249574576e-16,
           5.978229401547032e-16,
           3.216337735443194e-16,
           -2.31018892156596e-16,
           -3.9118928386087586e-16,
           -3.8116399467973734e-17,
           2.2320067070374305e-16,
           1.2198486681987171e-15,
           -4.567634591202646e-16,
           -1.11097620127e-16,
           -2.635826882118173e-16,
           -3.091913754851766e-16,
           0.00010397702176390005,
           0.15487564474346413
          ],
          [
           0.12434806837193435,
           2.422085686197315e-16,
           -6.588252269838018e-16,
           2.2065217643485405e-16,
           -5.657963073632406e-16,
           3.761032796473548e-16,
           2.1405887949496597e-16,
           1.5100448298714108e-15,
           -6.266057335149056e-17,
           -2.445230126531115e-15,
           1.4399071956675003e-15,
           3.1760289930647844e-15,
           0,
           -2.30614867282284e-14,
           1.7616523139202088e-16,
           8.858185553175463e-16,
           3.5304179219174667e-16,
           -9.86981350565337e-16,
           -5.881813610718528e-16,
           9.282566332879422e-17,
           1.2769764319805682e-16,
           3.229576349501141e-16,
           -5.903992319081279e-16,
           1.392161909964573e-16,
           4.901644218121291e-16,
           5.053736216125121e-16,
           -5.75932134590796e-16,
           -2.312619227348268e-16,
           7.327446176608607e-16,
           -0.009541802153203993,
           -0.2605929248764044
          ],
          [
           -0.06590202369761745,
           -2.1154575974358543e-16,
           3.8545209124444075e-16,
           -6.883374817728902e-16,
           -1.5061286509824824e-16,
           -9.578658627900394e-16,
           -2.268061188129328e-16,
           -9.892325329273464e-17,
           -2.382948219078945e-16,
           -2.650350817714165e-16,
           -8.853582292873185e-16,
           1.9458101918841887e-15,
           -2.30614867282284e-14,
           0,
           2.8414278940572312e-15,
           -4.728047856632067e-16,
           3.361767224109221e-16,
           -3.18790496639285e-16,
           3.192534738009977e-16,
           -2.5949880172362765e-16,
           2.345665429224732e-18,
           9.499130222115147e-17,
           -2.6597099815020735e-17,
           -5.88430404726872e-16,
           -5.47054669764163e-16,
           8.066738102868638e-17,
           -2.1215175292340002e-16,
           -4.520413993295758e-16,
           1.0495413404678255e-15,
           0.005293409030420574,
           -0.004569778799447076
          ],
          [
           -0.09875681920622573,
           9.352582101868325e-16,
           -2.5410356302730153e-16,
           4.2713356664797924e-16,
           -8.522435353909579e-17,
           -3.6348033472491274e-16,
           3.452800739121104e-16,
           -1.7294619304292526e-16,
           -1.131098166453681e-16,
           2.3433166957553687e-16,
           2.62251313455413e-16,
           3.6371603937557764e-17,
           1.7616523139202088e-16,
           2.8414278940572312e-15,
           0,
           4.165737866592706e-17,
           7.910366880885718e-17,
           4.62614026314667e-15,
           8.980954985521477e-17,
           -1.0614860979537985e-16,
           -1.7894327001031818e-16,
           1.6341411879944447e-17,
           3.4396990290023924e-16,
           7.620728041131482e-17,
           2.335748697225345e-16,
           -2.6067831133798455e-16,
           -6.580254460910154e-18,
           1.2857703641311588e-16,
           2.5032709535183875e-15,
           0.033751171763095715,
           -0.30254369580346246
          ],
          [
           -0.18345327348103926,
           -3.252450522649766e-16,
           2.831060398874419e-16,
           1.1227556391297603e-16,
           -1.5077183944666259e-16,
           -5.13261964319789e-16,
           -6.368110803667889e-18,
           1.9368323437101253e-17,
           2.0214910344084665e-16,
           -1.58810520463812e-15,
           7.615271975860196e-16,
           4.801345414477026e-16,
           8.858185553175463e-16,
           -4.728047856632067e-16,
           4.165737866592706e-17,
           0,
           1.3359039962288514e-15,
           3.208310114843514e-16,
           7.538156191279672e-16,
           -8.556257334752408e-16,
           3.2404754077826765e-16,
           1.9474583639622415e-17,
           -8.936817433611573e-16,
           1.1198267483250852e-16,
           -4.589688645071322e-16,
           3.86974028599292e-16,
           3.7610941948455377e-16,
           -1.265234759498814e-15,
           -1.063285849840148e-15,
           -0.0029858481245596145,
           -0.004223402267843587
          ],
          [
           0.011902867722434169,
           6.308789420709271e-16,
           4.9340966407057414e-17,
           1.1833638474388061e-15,
           -6.939204446250171e-16,
           -3.5170755100094507e-16,
           -2.477917428814335e-16,
           2.8936720721427667e-16,
           5.027191539695068e-16,
           -3.251906339425996e-16,
           -1.7059225660821137e-15,
           -6.173867121161474e-16,
           3.5304179219174667e-16,
           3.361767224109221e-16,
           7.910366880885718e-17,
           1.3359039962288514e-15,
           0,
           1.8542965976048037e-15,
           -3.0151186901909073e-15,
           1.041659426265336e-15,
           3.9034563979213206e-16,
           -3.927400820166545e-16,
           3.8783841030638234e-17,
           8.519669711724586e-16,
           -4.2892390537046083e-16,
           -6.644103895769482e-16,
           -5.186502709462185e-16,
           7.82003813125417e-16,
           8.637186332774415e-16,
           -0.00390952671355957,
           -0.1965389403034051
          ],
          [
           -0.0732972133177982,
           -5.011523652693261e-16,
           -9.88300831623274e-16,
           4.5766190576473034e-17,
           -4.397925045613137e-16,
           1.4257292172260904e-16,
           3.56758194056749e-16,
           1.1496920729508888e-15,
           -3.508776882047421e-16,
           6.53599218181438e-16,
           3.674182481840675e-15,
           8.719713249574576e-16,
           -9.86981350565337e-16,
           -3.18790496639285e-16,
           4.62614026314667e-15,
           3.208310114843514e-16,
           1.8542965976048037e-15,
           0,
           -5.5847142278321085e-15,
           -3.9167912841066605e-16,
           -9.88743100644142e-16,
           -7.753967320352673e-16,
           -8.389702985770906e-16,
           5.367784007995552e-16,
           -5.543631193082124e-17,
           4.82206756659376e-16,
           4.870302476457008e-16,
           8.844372917976604e-16,
           -2.1826917895047174e-16,
           0.007309042076999584,
           -0.32648106724269765
          ],
          [
           0.0904381325486108,
           2.870125410612712e-16,
           2.6366536758978006e-16,
           5.427964933764996e-16,
           1.4936674701942726e-16,
           1.1095251803361662e-15,
           2.8114735521402637e-16,
           -1.116788768994299e-16,
           -4.0938516593066296e-16,
           1.20384303130105e-16,
           3.9867101885812585e-16,
           5.978229401547032e-16,
           -5.881813610718528e-16,
           3.192534738009977e-16,
           8.980954985521477e-17,
           7.538156191279672e-16,
           -3.0151186901909073e-15,
           -5.5847142278321085e-15,
           0,
           -2.4241848837623725e-15,
           -4.942764229999567e-16,
           -1.1409725626328734e-15,
           -8.662635295568186e-17,
           -3.6242359808456257e-16,
           -1.1260429012275976e-16,
           -2.31085578160587e-16,
           3.1839636603217856e-16,
           2.435169894645409e-16,
           8.844995437650056e-16,
           0.03565034071999314,
           -0.11148525388869356
          ],
          [
           0.028975302561135702,
           1.8181284220979656e-16,
           9.528279876906872e-17,
           2.5767730840927773e-16,
           -2.656938197861949e-16,
           -3.1382336312527622e-16,
           2.717166605431606e-16,
           -2.874017355022162e-16,
           -5.339821294317655e-16,
           1.1207517610035042e-16,
           2.6630382605287952e-17,
           3.216337735443194e-16,
           9.282566332879422e-17,
           -2.5949880172362765e-16,
           -1.0614860979537985e-16,
           -8.556257334752408e-16,
           1.041659426265336e-15,
           -3.9167912841066605e-16,
           -2.4241848837623725e-15,
           0,
           2.938450393284115e-16,
           4.032541118721999e-16,
           -9.690436133618996e-16,
           5.733798477170509e-16,
           3.1267155498318856e-17,
           7.415355207360278e-16,
           5.614353636423969e-16,
           -1.1130348924995528e-16,
           -1.3758426994273998e-15,
           -0.056150787231150925,
           0.03478301303640623
          ],
          [
           -0.050866018468354125,
           1.0369590992129756e-16,
           -9.309954234873892e-16,
           -9.429297063823965e-16,
           -3.223122626397701e-16,
           2.0760476522387344e-16,
           1.89863788859714e-16,
           1.7442418093476607e-16,
           -1.0955343839503754e-16,
           -4.340941046017256e-16,
           -1.1418883004372414e-15,
           -2.31018892156596e-16,
           1.2769764319805682e-16,
           2.345665429224732e-18,
           -1.7894327001031818e-16,
           3.2404754077826765e-16,
           3.9034563979213206e-16,
           -9.88743100644142e-16,
           -4.942764229999567e-16,
           2.938450393284115e-16,
           0,
           -1.1208279014696702e-15,
           1.105842137377626e-15,
           4.986738551320919e-16,
           1.6374877113131516e-16,
           -1.51824203691294e-16,
           -2.975081370539997e-16,
           -1.4460692304257987e-15,
           -1.1335786671526752e-16,
           0.3394034045461327,
           0.020090324196912198
          ],
          [
           0.04473572628908131,
           -1.7550716645972822e-16,
           8.444409270662718e-17,
           -2.9719688089311593e-17,
           -9.976949748132026e-17,
           -1.3687009808916957e-16,
           -1.5759029882239836e-16,
           1.9386040332758097e-16,
           -2.412439149228703e-16,
           4.5783885586743406e-17,
           8.089504044058091e-16,
           -3.9118928386087586e-16,
           3.229576349501141e-16,
           9.499130222115147e-17,
           1.6341411879944447e-17,
           1.9474583639622415e-17,
           -3.927400820166545e-16,
           -7.753967320352673e-16,
           -1.1409725626328734e-15,
           4.032541118721999e-16,
           -1.1208279014696702e-15,
           0,
           3.905947731585261e-15,
           6.127322976607841e-16,
           1.298253962240953e-16,
           -2.826293290019709e-16,
           -4.907301464167065e-16,
           -1.033402834335688e-15,
           5.132234418316568e-16,
           0.10599892763770487,
           0.0404133806104527
          ],
          [
           0.14405905486146361,
           7.477367318608595e-17,
           2.500829887528209e-16,
           4.64825857532626e-16,
           2.0999222414130102e-16,
           5.060028886806578e-16,
           -3.3629021985502797e-16,
           -1.0581305571733644e-15,
           5.475558954149982e-16,
           2.87185507390413e-17,
           -6.707597511111739e-16,
           -3.8116399467973734e-17,
           -5.903992319081279e-16,
           -2.6597099815020735e-17,
           3.4396990290023924e-16,
           -8.936817433611573e-16,
           3.8783841030638234e-17,
           -8.389702985770906e-16,
           -8.662635295568186e-17,
           -9.690436133618996e-16,
           1.105842137377626e-15,
           3.905947731585261e-15,
           0,
           3.130811611743313e-16,
           1.1508293277186672e-17,
           -6.078985686650928e-16,
           -8.477049529791709e-16,
           -1.2949098332750935e-16,
           -3.0213763383560694e-16,
           -0.06480064637319197,
           0.0008053175052959154
          ],
          [
           0.05114236494177459,
           9.8087050691241e-16,
           1.0595623755274829e-16,
           2.1152064352247126e-17,
           6.002528368080155e-17,
           1.6375955892256685e-16,
           -7.232186079944992e-17,
           2.327910850139693e-16,
           3.8971042017378507e-16,
           5.929285593829755e-16,
           3.8097317653039156e-16,
           2.2320067070374305e-16,
           1.392161909964573e-16,
           -5.88430404726872e-16,
           7.620728041131482e-17,
           1.1198267483250852e-16,
           8.519669711724586e-16,
           5.367784007995552e-16,
           -3.6242359808456257e-16,
           5.733798477170509e-16,
           4.986738551320919e-16,
